version https://git-lfs.github.com/spec/v1
oid sha256:598e211969b460376ad7209ceb8f5fb59bdbca6edbad88fdb3a84dba41cceb20
size 80329921
